6531
125986
22565
1141336
3019
30579
3012
24131
7270
78445
5978
98002
1732
9337
1705
9632
1591
6601
2830
30347
9944
141492
8082
109022
17144
222149
6217
73513
11001
194270
4298
29060
2982
25529
1461
9333
6485
120730
7119
83499
7627
77491
5118
35631
9516
166533
7353
165050
17602
586450
11194
120377
2422
22256
5138
105210
12772
192514
5777
42154
10973
192194
5847
63099
5277
51552
5404
52617
6780
89592
12719
313210
5916
31393
5213
86298
4641
32341
7742
110349
15927
472477
5854
43635
9661
212108
7073
64186
3334
42967
7475
72401
7098
68370
3817
25026
12238
363565
7064
95789
5694
47014
8786
88914
7500
81475
4681
38060
11726
191447
2104
9832
3953
42862
7582
133179
8598
73344
10431
220514
4957
36029
10402
165403
5374
44427
3384
43521
5559
61905
5539
61308
6020
47614
5005
55433
1407
5544
6775
87538
9866
216028
6949
73631
1006
4146
6328
124841
2663
19732
5981
51406
2488
15769
25728
990944
8012
67308
4756
59505
12646
198844
5317
39071
12588
129399
6543
123808
5215
86616
6402
75237
4791
46604
7125
158866
11451
507421
8206
96608
9956
72270
8341
107966
5764
41634
1789
6864
1855
8517
11146
64477
14152
366891
9023
108958
7572
115333
6933
71859
3644
10358
7560
71232
7534
101314
11006
173553
4017
39126
17734
281832
17718
281209
18005
301953
17536
277363
10798
116789
8187
141767
12793
138859
6712
125005
8790
195437
8238
130570
16471
547434
30795
1022562
23699
298341
11791
159363
17905
337479
13316
244193
9636
199778
7539
229129
11761
230970
12168
171264
12866
228444
17151
282934
16214
221322
14138
302506
9463
228846
18260
614915
24973
818512
19116
598162
21406
351153
29265
807061
13156
231905
28509
789851
25467
1188466
17465
551361
20912
639053
21001
183189
17029
163460
12473
767856
20823
1017941
26042
660572
18021
500207
18140
521291
22136
973546
25302
1195396
21672
1240131
26627
660967
27105
1095659
14740
785523
21941
464554
21074
632423
11576
304891
15084
516773
24237
1064550
14250
235044
21535
985718
19801
809950
19004
677674
15430
410280
28073
945879
23099
657516
22707
670050
15860
659168
13745
426360
14672
414126
16870
391861
18369
475071
9354
372018
12917
794998
12899
794966
12892
794698
18478
1033389
16554
826350
16253
994516
12842
776818
20435
775605
15924
485724
18872
712008
19498
889694
15586
509751
21868
530399
18338
719188
22999
827469
18411
934844
25735
514243
20334
369825
